1364
3406
7986
2802
4764
5666
5073
1928
8309
453
7084
4460
2440
6607
9748
8577
1852
4479
443
7158
7144
3247
6008
3792
3510
8658
7803
207
2712
6582
1625
4075
6339
9610
3228
1102
1627
4652
3030
9935
5104
6465
746
3895
3071
6846
2471
1275
1324
2914
4784
4820
2512
791
8611
6021
5800
2765
2580
8511
9346
4204
8938
5684
165
8517
3138
1792
3169
6167
8078
4624
2631
8824
8519
2054
2021
7341
9680
3344
6606
4463
8163
9118
1605
3126
1490
7405
5890
4069
5915
1588
4624
1204
3623
4789
9721
6760
6580
9241
2926
4657
3864
1909
9832
8734
314
1852
6075
9993
1548
2680
4455
6062
8149
6059
5539
9639
9815
7781
59
2082
5720
4683
3285
9342
5823
9357
6102
2402
8597
5379
3410
8813
7287
9594
3898
7600
7797
6324
3944
5696
9004
8398
1758
3504
809
3648
9494
623
7780
9553
9056
3499
587
2341
2841
6409
8049
5294
5162
2998
672
4923
8162
4311
868
2059
8262
8665
8383
2206
4360
3738
6955
2469
7241
7763
2469
6735
4738
248
2639
145
3747
9577
8837
2939
5985
6886
8232
7498
9883
5255
8772
4396
9565
9640
6454
7827
